2020/06/30-10:33:20.980462 7fec1b470700 RocksDB version: 6.4.6
2020/06/30-10:33:20.980492 7fec1b470700 Git sha rocksdb_build_git_sha:@991bb28797568fee037dbaf5a1b467d1e54b0ac3@
2020/06/30-10:33:20.980495 7fec1b470700 Compile date Jun 19 2020
2020/06/30-10:33:20.980497 7fec1b470700 DB SUMMARY
2020/06/30-10:33:20.980525 7fec1b470700 CURRENT file:  CURRENT
2020/06/30-10:33:20.980527 7fec1b470700 IDENTITY file:  IDENTITY
2020/06/30-10:33:20.980532 7fec1b470700 MANIFEST file:  MANIFEST-000001 size: 13 Bytes
2020/06/30-10:33:20.980534 7fec1b470700 SST files in ./conflux_unit_test_data_dir/3/storage_db/delta_mpts/rocksdb_c5d2460186f7233c927e7db2dcc703c0e500b653ca82273b7bfad8045d85a470 dir, Total Num: 0, files: 
2020/06/30-10:33:20.980536 7fec1b470700 Write Ahead Log file in ./conflux_unit_test_data_dir/3/storage_db/delta_mpts/rocksdb_c5d2460186f7233c927e7db2dcc703c0e500b653ca82273b7bfad8045d85a470: 000003.log size: 0 ; 
2020/06/30-10:33:20.980538 7fec1b470700                         Options.error_if_exists: 0
2020/06/30-10:33:20.980539 7fec1b470700                       Options.create_if_missing: 1
2020/06/30-10:33:20.980541 7fec1b470700                         Options.paranoid_checks: 1
2020/06/30-10:33:20.980542 7fec1b470700                                     Options.env: 0x55c2f41b0980
2020/06/30-10:33:20.980544 7fec1b470700                                Options.info_log: 0x7febf4468950
2020/06/30-10:33:20.980545 7fec1b470700                Options.max_file_opening_threads: 16
2020/06/30-10:33:20.980546 7fec1b470700                              Options.statistics: 0x7febf4468050
2020/06/30-10:33:20.980548 7fec1b470700                               Options.use_fsync: 0
2020/06/30-10:33:20.980549 7fec1b470700                       Options.max_log_file_size: 0
2020/06/30-10:33:20.980551 7fec1b470700                  Options.max_manifest_file_size: 1073741824
2020/06/30-10:33:20.980552 7fec1b470700                   Options.log_file_time_to_roll: 0
2020/06/30-10:33:20.980553 7fec1b470700                       Options.keep_log_file_num: 1
2020/06/30-10:33:20.980555 7fec1b470700                    Options.recycle_log_file_num: 0
2020/06/30-10:33:20.980556 7fec1b470700                         Options.allow_fallocate: 1
2020/06/30-10:33:20.980557 7fec1b470700                        Options.allow_mmap_reads: 0
2020/06/30-10:33:20.980559 7fec1b470700                       Options.allow_mmap_writes: 0
2020/06/30-10:33:20.980560 7fec1b470700                        Options.use_direct_reads: 0
2020/06/30-10:33:20.980561 7fec1b470700                        Options.use_direct_io_for_flush_and_compaction: 0
2020/06/30-10:33:20.980562 7fec1b470700          Options.create_missing_column_families: 0
2020/06/30-10:33:20.980564 7fec1b470700                              Options.db_log_dir: 
2020/06/30-10:33:20.980565 7fec1b470700                                 Options.wal_dir: ./conflux_unit_test_data_dir/3/storage_db/delta_mpts/rocksdb_c5d2460186f7233c927e7db2dcc703c0e500b653ca82273b7bfad8045d85a470
2020/06/30-10:33:20.980566 7fec1b470700                Options.table_cache_numshardbits: 6
2020/06/30-10:33:20.980567 7fec1b470700                      Options.max_subcompactions: 1
2020/06/30-10:33:20.980569 7fec1b470700                  Options.max_background_flushes: -1
2020/06/30-10:33:20.980570 7fec1b470700                         Options.WAL_ttl_seconds: 0
2020/06/30-10:33:20.980571 7fec1b470700                       Options.WAL_size_limit_MB: 0
2020/06/30-10:33:20.980573 7fec1b470700             Options.manifest_preallocation_size: 4194304
2020/06/30-10:33:20.980574 7fec1b470700                     Options.is_fd_close_on_exec: 1
2020/06/30-10:33:20.980576 7fec1b470700                   Options.advise_random_on_open: 1
2020/06/30-10:33:20.980577 7fec1b470700                    Options.db_write_buffer_size: 0
2020/06/30-10:33:20.980578 7fec1b470700                    Options.write_buffer_manager: 0x7febf40b0ac0
2020/06/30-10:33:20.980580 7fec1b470700         Options.access_hint_on_compaction_start: 1
2020/06/30-10:33:20.980581 7fec1b470700  Options.new_table_reader_for_compaction_inputs: 0
2020/06/30-10:33:20.980582 7fec1b470700           Options.random_access_max_buffer_size: 1048576
2020/06/30-10:33:20.980591 7fec1b470700                      Options.use_adaptive_mutex: 0
2020/06/30-10:33:20.980592 7fec1b470700                            Options.rate_limiter: (nil)
2020/06/30-10:33:20.980594 7fec1b470700     Options.sst_file_manager.rate_bytes_per_sec: 0
2020/06/30-10:33:20.980596 7fec1b470700                       Options.wal_recovery_mode: 2
2020/06/30-10:33:20.980597 7fec1b470700                  Options.enable_thread_tracking: 0
2020/06/30-10:33:20.980598 7fec1b470700                  Options.enable_pipelined_write: 0
2020/06/30-10:33:20.980600 7fec1b470700                  Options.unordered_write: 0
2020/06/30-10:33:20.980601 7fec1b470700               Options.enable_multi_thread_write: 0
2020/06/30-10:33:20.980602 7fec1b470700         Options.allow_concurrent_memtable_write: 1
2020/06/30-10:33:20.980603 7fec1b470700      Options.enable_write_thread_adaptive_yield: 1
2020/06/30-10:33:20.980605 7fec1b470700             Options.write_thread_max_yield_usec: 100
2020/06/30-10:33:20.980606 7fec1b470700            Options.write_thread_slow_yield_usec: 3
2020/06/30-10:33:20.980607 7fec1b470700                               Options.row_cache: None
2020/06/30-10:33:20.980609 7fec1b470700                              Options.wal_filter: None
2020/06/30-10:33:20.980610 7fec1b470700             Options.avoid_flush_during_recovery: 0
2020/06/30-10:33:20.980611 7fec1b470700             Options.allow_ingest_behind: 0
2020/06/30-10:33:20.980613 7fec1b470700             Options.preserve_deletes: 0
2020/06/30-10:33:20.980614 7fec1b470700             Options.two_write_queues: 0
2020/06/30-10:33:20.980615 7fec1b470700             Options.manual_wal_flush: 0
2020/06/30-10:33:20.980617 7fec1b470700             Options.atomic_flush: 0
2020/06/30-10:33:20.980618 7fec1b470700             Options.avoid_unnecessary_blocking_io: 0
2020/06/30-10:33:20.980619 7fec1b470700                 Options.persist_stats_to_disk: 0
2020/06/30-10:33:20.980620 7fec1b470700                 Options.log_readahead_size: 0
2020/06/30-10:33:20.980622 7fec1b470700             Options.max_background_jobs: 4
2020/06/30-10:33:20.980623 7fec1b470700             Options.max_background_compactions: -1
2020/06/30-10:33:20.980625 7fec1b470700             Options.avoid_flush_during_shutdown: 0
2020/06/30-10:33:20.980626 7fec1b470700           Options.writable_file_max_buffer_size: 1048576
2020/06/30-10:33:20.980627 7fec1b470700             Options.delayed_write_rate : 16777216
2020/06/30-10:33:20.980629 7fec1b470700             Options.max_total_wal_size: 0
2020/06/30-10:33:20.980630 7fec1b470700             Options.delete_obsolete_files_period_micros: 21600000000
2020/06/30-10:33:20.980631 7fec1b470700                   Options.stats_dump_period_sec: 600
2020/06/30-10:33:20.980633 7fec1b470700                 Options.stats_persist_period_sec: 600
2020/06/30-10:33:20.980634 7fec1b470700                 Options.stats_history_buffer_size: 1048576
2020/06/30-10:33:20.980635 7fec1b470700                          Options.max_open_files: 512
2020/06/30-10:33:20.980637 7fec1b470700                          Options.bytes_per_sync: 1048576
2020/06/30-10:33:20.980638 7fec1b470700                      Options.wal_bytes_per_sync: 0
2020/06/30-10:33:20.980640 7fec1b470700                   Options.strict_bytes_per_sync: 0
2020/06/30-10:33:20.980641 7fec1b470700       Options.compaction_readahead_size: 0
2020/06/30-10:33:20.980642 7fec1b470700 Compression algorithms supported:
2020/06/30-10:33:20.980644 7fec1b470700 	kZSTDNotFinalCompression supported: 1
2020/06/30-10:33:20.980645 7fec1b470700 	kZSTD supported: 1
2020/06/30-10:33:20.980647 7fec1b470700 	kXpressCompression supported: 0
2020/06/30-10:33:20.980648 7fec1b470700 	kLZ4HCCompression supported: 1
2020/06/30-10:33:20.980650 7fec1b470700 	kLZ4Compression supported: 1
2020/06/30-10:33:20.980651 7fec1b470700 	kBZip2Compression supported: 1
2020/06/30-10:33:20.980652 7fec1b470700 	kZlibCompression supported: 1
2020/06/30-10:33:20.980654 7fec1b470700 	kSnappyCompression supported: 1
2020/06/30-10:33:20.980662 7fec1b470700 Fast CRC32 supported: Supported on x86
2020/06/30-10:33:20.980815 7fec1b470700 [db/version_set.cc:4298] Recovering from manifest file: ./conflux_unit_test_data_dir/3/storage_db/delta_mpts/rocksdb_c5d2460186f7233c927e7db2dcc703c0e500b653ca82273b7bfad8045d85a470/MANIFEST-000001
2020/06/30-10:33:20.980938 7fec1b470700 [db/column_family.cc:481] --------------- Options for column family [default]:
2020/06/30-10:33:20.980941 7fec1b470700               Options.comparator: leveldb.BytewiseComparator
2020/06/30-10:33:20.980943 7fec1b470700           Options.merge_operator: None
2020/06/30-10:33:20.980944 7fec1b470700        Options.compaction_filter: None
2020/06/30-10:33:20.980946 7fec1b470700        Options.compaction_filter_factory: None
2020/06/30-10:33:20.980947 7fec1b470700         Options.memtable_factory: SkipListFactory
2020/06/30-10:33:20.980949 7fec1b470700            Options.table_factory: BlockBasedTable
2020/06/30-10:33:20.980969 7fec1b470700            table_factory options:   flush_block_policy_factory: FlushBlockBySizePolicyFactory (0x7febf40af3e0)
  cache_index_and_filter_blocks: 0
  cache_index_and_filter_blocks_with_high_priority: 1
  pin_l0_filter_and_index_blocks_in_cache: 0
  pin_top_level_index_and_filter: 1
  index_type: 0
  data_block_index_type: 0
  index_shortening: 1
  data_block_hash_table_util_ratio: 0.750000
  hash_index_allow_collision: 1
  checksum: 1
  no_block_cache: 0
  block_cache: 0x7febf442d9b0
  block_cache_name: LRUCache
  block_cache_options:
    capacity : 8388608
    num_shard_bits : 4
    strict_capacity_limit : 0
    memory_allocator : None
    high_pri_pool_ratio: 0.000
  block_cache_compressed: (nil)
  persistent_cache: (nil)
  block_size: 4096
  block_size_deviation: 10
  block_restart_interval: 16
  index_block_restart_interval: 1
  metadata_block_size: 4096
  partition_filters: 0
  use_delta_encoding: 1
  filter_policy: nullptr
  whole_key_filtering: 1
  verify_compression: 0
  read_amp_bytes_per_bit: 0
  format_version: 2
  enable_index_compression: 1
  block_align: 0
2020/06/30-10:33:20.980971 7fec1b470700        Options.write_buffer_size: 67108864
2020/06/30-10:33:20.980972 7fec1b470700  Options.max_write_buffer_number: 2
2020/06/30-10:33:20.980974 7fec1b470700          Options.compression: Snappy
2020/06/30-10:33:20.980975 7fec1b470700                  Options.bottommost_compression: Disabled
2020/06/30-10:33:20.980977 7fec1b470700       Options.prefix_extractor: nullptr
2020/06/30-10:33:20.980978 7fec1b470700   Options.memtable_insert_with_hint_prefix_extractor: nullptr
2020/06/30-10:33:20.980979 7fec1b470700             Options.num_levels: 7
2020/06/30-10:33:20.980981 7fec1b470700        Options.min_write_buffer_number_to_merge: 1
2020/06/30-10:33:20.980982 7fec1b470700     Options.max_write_buffer_number_to_maintain: 0
2020/06/30-10:33:20.980983 7fec1b470700            Options.bottommost_compression_opts.window_bits: -14
2020/06/30-10:33:20.980985 7fec1b470700                  Options.bottommost_compression_opts.level: 32767
2020/06/30-10:33:20.980986 7fec1b470700               Options.bottommost_compression_opts.strategy: 0
2020/06/30-10:33:20.980987 7fec1b470700         Options.bottommost_compression_opts.max_dict_bytes: 0
2020/06/30-10:33:20.980989 7fec1b470700         Options.bottommost_compression_opts.zstd_max_train_bytes: 0
2020/06/30-10:33:20.980990 7fec1b470700                  Options.bottommost_compression_opts.enabled: false
2020/06/30-10:33:20.980991 7fec1b470700            Options.compression_opts.window_bits: -14
2020/06/30-10:33:20.980993 7fec1b470700                  Options.compression_opts.level: 32767
2020/06/30-10:33:20.980994 7fec1b470700               Options.compression_opts.strategy: 0
2020/06/30-10:33:20.980995 7fec1b470700         Options.compression_opts.max_dict_bytes: 0
2020/06/30-10:33:20.980997 7fec1b470700         Options.compression_opts.zstd_max_train_bytes: 0
2020/06/30-10:33:20.980998 7fec1b470700                  Options.compression_opts.enabled: false
2020/06/30-10:33:20.981008 7fec1b470700      Options.level0_file_num_compaction_trigger: 4
2020/06/30-10:33:20.981009 7fec1b470700          Options.level0_slowdown_writes_trigger: 20
2020/06/30-10:33:20.981010 7fec1b470700              Options.level0_stop_writes_trigger: 36
2020/06/30-10:33:20.981012 7fec1b470700                   Options.target_file_size_base: 67108864
2020/06/30-10:33:20.981013 7fec1b470700             Options.target_file_size_multiplier: 1
2020/06/30-10:33:20.981014 7fec1b470700                Options.max_bytes_for_level_base: 268435456
2020/06/30-10:33:20.981015 7fec1b470700                      Options.snap_refresh_nanos: 0
2020/06/30-10:33:20.981017 7fec1b470700 Options.level_compaction_dynamic_level_bytes: 0
2020/06/30-10:33:20.981018 7fec1b470700          Options.max_bytes_for_level_multiplier: 10.000000
2020/06/30-10:33:20.981021 7fec1b470700 Options.max_bytes_for_level_multiplier_addtl[0]: 1
2020/06/30-10:33:20.981022 7fec1b470700 Options.max_bytes_for_level_multiplier_addtl[1]: 1
2020/06/30-10:33:20.981024 7fec1b470700 Options.max_bytes_for_level_multiplier_addtl[2]: 1
2020/06/30-10:33:20.981025 7fec1b470700 Options.max_bytes_for_level_multiplier_addtl[3]: 1
2020/06/30-10:33:20.981026 7fec1b470700 Options.max_bytes_for_level_multiplier_addtl[4]: 1
2020/06/30-10:33:20.981028 7fec1b470700 Options.max_bytes_for_level_multiplier_addtl[5]: 1
2020/06/30-10:33:20.981029 7fec1b470700 Options.max_bytes_for_level_multiplier_addtl[6]: 1
2020/06/30-10:33:20.981031 7fec1b470700       Options.max_sequential_skip_in_iterations: 8
2020/06/30-10:33:20.981032 7fec1b470700                    Options.max_compaction_bytes: 1677721600
2020/06/30-10:33:20.981033 7fec1b470700                        Options.arena_block_size: 8388608
2020/06/30-10:33:20.981035 7fec1b470700   Options.soft_pending_compaction_bytes_limit: 68719476736
2020/06/30-10:33:20.981036 7fec1b470700   Options.hard_pending_compaction_bytes_limit: 274877906944
2020/06/30-10:33:20.981037 7fec1b470700       Options.rate_limit_delay_max_milliseconds: 100
2020/06/30-10:33:20.981039 7fec1b470700                Options.disable_auto_compactions: 0
2020/06/30-10:33:20.981041 7fec1b470700                        Options.compaction_style: kCompactionStyleLevel
2020/06/30-10:33:20.981043 7fec1b470700                          Options.compaction_pri: kMinOverlappingRatio
2020/06/30-10:33:20.981044 7fec1b470700 Options.compaction_options_universal.size_ratio: 1
2020/06/30-10:33:20.981046 7fec1b470700 Options.compaction_options_universal.min_merge_width: 2
2020/06/30-10:33:20.981047 7fec1b470700 Options.compaction_options_universal.max_merge_width: 4294967295
2020/06/30-10:33:20.981048 7fec1b470700 Options.compaction_options_universal.max_size_amplification_percent: 200
2020/06/30-10:33:20.981049 7fec1b470700 Options.compaction_options_universal.compression_size_percent: -1
2020/06/30-10:33:20.981051 7fec1b470700 Options.compaction_options_universal.stop_style: kCompactionStopStyleTotalSize
2020/06/30-10:33:20.981052 7fec1b470700 Options.compaction_options_fifo.max_table_files_size: 1073741824
2020/06/30-10:33:20.981053 7fec1b470700 Options.compaction_options_fifo.allow_compaction: 0
2020/06/30-10:33:20.981055 7fec1b470700                   Options.table_properties_collectors: 
2020/06/30-10:33:20.981056 7fec1b470700                   Options.inplace_update_support: 0
2020/06/30-10:33:20.981057 7fec1b470700                 Options.inplace_update_num_locks: 10000
2020/06/30-10:33:20.981058 7fec1b470700               Options.memtable_prefix_bloom_size_ratio: 0.000000
2020/06/30-10:33:20.981060 7fec1b470700               Options.memtable_whole_key_filtering: 0
2020/06/30-10:33:20.981061 7fec1b470700   Options.memtable_huge_page_size: 0
2020/06/30-10:33:20.981062 7fec1b470700                           Options.bloom_locality: 0
2020/06/30-10:33:20.981064 7fec1b470700                    Options.max_successive_merges: 0
2020/06/30-10:33:20.981065 7fec1b470700                Options.optimize_filters_for_hits: 0
2020/06/30-10:33:20.981066 7fec1b470700                Options.paranoid_file_checks: 0
2020/06/30-10:33:20.981073 7fec1b470700                Options.force_consistency_checks: 0
2020/06/30-10:33:20.981075 7fec1b470700                Options.report_bg_io_stats: 0
2020/06/30-10:33:20.981076 7fec1b470700                               Options.ttl: 0
2020/06/30-10:33:20.981077 7fec1b470700          Options.periodic_compaction_seconds: 0
2020/06/30-10:33:20.981721 7fec1b470700 [db/version_set.cc:4458] Recovered from manifest file:./conflux_unit_test_data_dir/3/storage_db/delta_mpts/rocksdb_c5d2460186f7233c927e7db2dcc703c0e500b653ca82273b7bfad8045d85a470/MANIFEST-000001 succeeded,manifest_file_number is 1, next_file_number is 3, last_sequence is 0, log_number is 0,prev_log_number is 0,max_column_family is 0,min_log_number_to_keep is 0
2020/06/30-10:33:20.981726 7fec1b470700 [db/version_set.cc:4467] Column family [default] (ID 0), log number is 0
2020/06/30-10:33:20.981791 7fec1b470700 EVENT_LOG_v1 {"time_micros": 1593527600981786, "job": 1, "event": "recovery_started", "log_files": [3]}
2020/06/30-10:33:20.981795 7fec1b470700 [db/db_impl/db_impl_open.cc:705] Recovering log #3 mode 2
2020/06/30-10:33:20.981893 7fec1b470700 [db/version_set.cc:3699] Creating manifest 5
2020/06/30-10:33:20.991761 7fec1b470700 EVENT_LOG_v1 {"time_micros": 1593527600991758, "job": 1, "event": "recovery_finished"}
2020/06/30-10:33:20.991955 7fec1b470700 [DEBUG] [db/db_impl/db_impl_files.cc:273] [JOB 2] Delete ./conflux_unit_test_data_dir/3/storage_db/delta_mpts/rocksdb_c5d2460186f7233c927e7db2dcc703c0e500b653ca82273b7bfad8045d85a470/MANIFEST-000001 type=3 #1 -- OK
2020/06/30-10:33:20.991973 7fec1b470700 [DEBUG] [db/db_impl/db_impl_files.cc:273] [JOB 2] Delete ./conflux_unit_test_data_dir/3/storage_db/delta_mpts/rocksdb_c5d2460186f7233c927e7db2dcc703c0e500b653ca82273b7bfad8045d85a470/000003.log type=0 #3 -- OK
2020/06/30-10:33:20.991976 7fec1b470700 [db/db_impl/db_impl_files.cc:528] [JOB 2] Delete info log file ./conflux_unit_test_data_dir/3/storage_db/delta_mpts/rocksdb_c5d2460186f7233c927e7db2dcc703c0e500b653ca82273b7bfad8045d85a470//LOG.old.1593527600980304
2020/06/30-10:33:21.004828 7fec1b470700 DB pointer 0x7febf442c260
2020/06/30-10:33:21.005088 7feba4b1b700 [db/db_impl/db_impl.cc:851] ------- DUMPING STATS -------
2020/06/30-10:33:21.005113 7feba4b1b700 [db/db_impl/db_impl.cc:852] 
** DB Stats **
Uptime(secs): 0.0 total, 0.0 interval
Cumulative writes: 0 writes, 0 keys, 0 commit groups, 0.0 writes per commit group, ingest: 0.00 GB, 0.00 MB/s
Cumulative WAL: 0 writes, 0 syncs, 0.00 writes per sync, written: 0.00 GB, 0.00 MB/s
Cumulative stall: 00:00:0.000 H:M:S, 0.0 percent
Interval writes: 0 writes, 0 keys, 0 commit groups, 0.0 writes per commit group, ingest: 0.00 MB, 0.00 MB/s
Interval WAL: 0 writes, 0 syncs, 0.00 writes per sync, written: 0.00 MB, 0.00 MB/s
Interval stall: 00:00:0.000 H:M:S, 0.0 percent

** Compaction Stats [default] **
Level    Files   Size     Score Read(GB)  Rn(GB) Rnp1(GB) Write(GB) Wnew(GB) Moved(GB) W-Amp Rd(MB/s) Wr(MB/s) Comp(sec) CompMergeCPU(sec) Comp(cnt) Avg(sec) KeyIn KeyDrop
----------------------------------------------------------------------------------------------------------------------------------------------------------------------------
 Sum      0/0    0.00 KB   0.0      0.0     0.0      0.0       0.0      0.0       0.0   0.0      0.0      0.0      0.00              0.00         0    0.000       0      0
 Int      0/0    0.00 KB   0.0      0.0     0.0      0.0       0.0      0.0       0.0   0.0      0.0      0.0      0.00              0.00         0    0.000       0      0

** Compaction Stats [default] **
Priority    Files   Size     Score Read(GB)  Rn(GB) Rnp1(GB) Write(GB) Wnew(GB) Moved(GB) W-Amp Rd(MB/s) Wr(MB/s) Comp(sec) CompMergeCPU(sec) Comp(cnt) Avg(sec) KeyIn KeyDrop
-------------------------------------------------------------------------------------------------------------------------------------------------------------------------------
Uptime(secs): 0.0 total, 0.0 interval
Flush(GB): cumulative 0.000, interval 0.000
AddFile(GB): cumulative 0.000, interval 0.000
AddFile(Total Files): cumulative 0, interval 0
AddFile(L0 Files): cumulative 0, interval 0
AddFile(Keys): cumulative 0, interval 0
Cumulative compaction: 0.00 GB write, 0.00 MB/s write, 0.00 GB read, 0.00 MB/s read, 0.0 seconds
Interval compaction: 0.00 GB write, 0.00 MB/s write, 0.00 GB read, 0.00 MB/s read, 0.0 seconds
Stalls(count): 0 level0_slowdown, 0 level0_slowdown_with_compaction, 0 level0_numfiles, 0 level0_numfiles_with_compaction, 0 stop for pending_compaction_bytes, 0 slowdown for pending_compaction_bytes, 0 memtable_compaction, 0 memtable_slowdown, interval 0 total count

** File Read Latency Histogram By Level [default] **

** Compaction Stats [default] **
Level    Files   Size     Score Read(GB)  Rn(GB) Rnp1(GB) Write(GB) Wnew(GB) Moved(GB) W-Amp Rd(MB/s) Wr(MB/s) Comp(sec) CompMergeCPU(sec) Comp(cnt) Avg(sec) KeyIn KeyDrop
----------------------------------------------------------------------------------------------------------------------------------------------------------------------------
 Sum      0/0    0.00 KB   0.0      0.0     0.0      0.0       0.0      0.0       0.0   0.0      0.0      0.0      0.00              0.00         0    0.000       0      0
 Int      0/0    0.00 KB   0.0      0.0     0.0      0.0       0.0      0.0       0.0   0.0      0.0      0.0      0.00              0.00         0    0.000       0      0

** Compaction Stats [default] **
Priority    Files   Size     Score Read(GB)  Rn(GB) Rnp1(GB) Write(GB) Wnew(GB) Moved(GB) W-Amp Rd(MB/s) Wr(MB/s) Comp(sec) CompMergeCPU(sec) Comp(cnt) Avg(sec) KeyIn KeyDrop
-------------------------------------------------------------------------------------------------------------------------------------------------------------------------------
Uptime(secs): 0.0 total, 0.0 interval
Flush(GB): cumulative 0.000, interval 0.000
AddFile(GB): cumulative 0.000, interval 0.000
AddFile(Total Files): cumulative 0, interval 0
AddFile(L0 Files): cumulative 0, interval 0
AddFile(Keys): cumulative 0, interval 0
Cumulative compaction: 0.00 GB write, 0.00 MB/s write, 0.00 GB read, 0.00 MB/s read, 0.0 seconds
Interval compaction: 0.00 GB write, 0.00 MB/s write, 0.00 GB read, 0.00 MB/s read, 0.0 seconds
Stalls(count): 0 level0_slowdown, 0 level0_slowdown_with_compaction, 0 level0_numfiles, 0 level0_numfiles_with_compaction, 0 stop for pending_compaction_bytes, 0 slowdown for pending_compaction_bytes, 0 memtable_compaction, 0 memtable_slowdown, interval 0 total count

** File Read Latency Histogram By Level [default] **
2020/06/30-10:33:21.006469 7feba4b1b700 [db/db_impl/db_impl.cc:636] STATISTICS:
 rocksdb.block.cache.miss COUNT : 0
rocksdb.block.cache.hit COUNT : 0
rocksdb.block.cache.add COUNT : 0
rocksdb.block.cache.add.failures COUNT : 0
rocksdb.block.cache.index.miss COUNT : 0
rocksdb.block.cache.index.hit COUNT : 0
rocksdb.block.cache.index.add COUNT : 0
rocksdb.block.cache.index.bytes.insert COUNT : 0
rocksdb.block.cache.index.bytes.evict COUNT : 0
rocksdb.block.cache.filter.miss COUNT : 0
rocksdb.block.cache.filter.hit COUNT : 0
rocksdb.block.cache.filter.add COUNT : 0
rocksdb.block.cache.filter.bytes.insert COUNT : 0
rocksdb.block.cache.filter.bytes.evict COUNT : 0
rocksdb.block.cache.data.miss COUNT : 0
rocksdb.block.cache.data.hit COUNT : 0
rocksdb.block.cache.data.add COUNT : 0
rocksdb.block.cache.data.bytes.insert COUNT : 0
rocksdb.block.cache.bytes.read COUNT : 0
rocksdb.block.cache.bytes.write COUNT : 0
rocksdb.bloom.filter.useful COUNT : 0
rocksdb.bloom.filter.full.positive COUNT : 0
rocksdb.bloom.filter.full.true.positive COUNT : 0
rocksdb.bloom.filter.micros COUNT : 0
rocksdb.persistent.cache.hit COUNT : 0
rocksdb.persistent.cache.miss COUNT : 0
rocksdb.sim.block.cache.hit COUNT : 0
rocksdb.sim.block.cache.miss COUNT : 0
rocksdb.memtable.hit COUNT : 0
rocksdb.memtable.miss COUNT : 0
rocksdb.l0.hit COUNT : 0
rocksdb.l1.hit COUNT : 0
rocksdb.l2andup.hit COUNT : 0
rocksdb.compaction.key.drop.new COUNT : 0
rocksdb.compaction.key.drop.obsolete COUNT : 0
rocksdb.compaction.key.drop.range_del COUNT : 0
rocksdb.compaction.key.drop.user COUNT : 0
rocksdb.compaction.range_del.drop.obsolete COUNT : 0
rocksdb.compaction.optimized.del.drop.obsolete COUNT : 0
rocksdb.compaction.cancelled COUNT : 0
rocksdb.number.keys.written COUNT : 0
rocksdb.number.keys.read COUNT : 0
rocksdb.number.keys.updated COUNT : 0
rocksdb.bytes.written COUNT : 0
rocksdb.bytes.read COUNT : 0
rocksdb.number.db.seek COUNT : 0
rocksdb.number.db.next COUNT : 0
rocksdb.number.db.prev COUNT : 0
rocksdb.number.db.seek.found COUNT : 0
rocksdb.number.db.next.found COUNT : 0
rocksdb.number.db.prev.found COUNT : 0
rocksdb.db.iter.bytes.read COUNT : 0
rocksdb.no.file.closes COUNT : 0
rocksdb.no.file.opens COUNT : 0
rocksdb.no.file.errors COUNT : 0
rocksdb.l0.slowdown.micros COUNT : 0
rocksdb.memtable.compaction.micros COUNT : 0
rocksdb.l0.num.files.stall.micros COUNT : 0
rocksdb.stall.micros COUNT : 0
rocksdb.db.mutex.wait.micros COUNT : 0
rocksdb.rate.limit.delay.millis COUNT : 0
rocksdb.num.iterators COUNT : 0
rocksdb.number.multiget.get COUNT : 0
rocksdb.number.multiget.keys.read COUNT : 0
rocksdb.number.multiget.bytes.read COUNT : 0
rocksdb.number.deletes.filtered COUNT : 0
rocksdb.number.merge.failures COUNT : 0
rocksdb.bloom.filter.prefix.checked COUNT : 0
rocksdb.bloom.filter.prefix.useful COUNT : 0
rocksdb.number.reseeks.iteration COUNT : 0
rocksdb.getupdatessince.calls COUNT : 0
rocksdb.block.cachecompressed.miss COUNT : 0
rocksdb.block.cachecompressed.hit COUNT : 0
rocksdb.block.cachecompressed.add COUNT : 0
rocksdb.block.cachecompressed.add.failures COUNT : 0
rocksdb.wal.synced COUNT : 0
rocksdb.wal.bytes COUNT : 0
rocksdb.write.self COUNT : 0
rocksdb.write.other COUNT : 0
rocksdb.write.timeout COUNT : 0
rocksdb.write.wal COUNT : 0
rocksdb.compact.read.bytes COUNT : 0
rocksdb.compact.write.bytes COUNT : 0
rocksdb.flush.write.bytes COUNT : 0
rocksdb.number.direct.load.table.properties COUNT : 0
rocksdb.number.superversion_acquires COUNT : 0
rocksdb.number.superversion_releases COUNT : 0
rocksdb.number.superversion_cleanups COUNT : 0
rocksdb.number.block.compressed COUNT : 0
rocksdb.number.block.decompressed COUNT : 0
rocksdb.number.block.not_compressed COUNT : 0
rocksdb.merge.operation.time.nanos COUNT : 0
rocksdb.filter.operation.time.nanos COUNT : 0
rocksdb.row.cache.hit COUNT : 0
rocksdb.row.cache.miss COUNT : 0
rocksdb.read.amp.estimate.useful.bytes COUNT : 0
rocksdb.read.amp.total.read.bytes COUNT : 0
rocksdb.number.rate_limiter.drains COUNT : 0
rocksdb.number.iter.skip COUNT : 0
rocksdb.blobdb.num.put COUNT : 0
rocksdb.blobdb.num.write COUNT : 0
rocksdb.blobdb.num.get COUNT : 0
rocksdb.blobdb.num.multiget COUNT : 0
rocksdb.blobdb.num.seek COUNT : 0
rocksdb.blobdb.num.next COUNT : 0
rocksdb.blobdb.num.prev COUNT : 0
rocksdb.blobdb.num.keys.written COUNT : 0
rocksdb.blobdb.num.keys.read COUNT : 0
rocksdb.blobdb.bytes.written COUNT : 0
rocksdb.blobdb.bytes.read COUNT : 0
rocksdb.blobdb.write.inlined COUNT : 0
rocksdb.blobdb.write.inlined.ttl COUNT : 0
rocksdb.blobdb.write.blob COUNT : 0
rocksdb.blobdb.write.blob.ttl COUNT : 0
rocksdb.blobdb.blob.file.bytes.written COUNT : 0
rocksdb.blobdb.blob.file.bytes.read COUNT : 0
rocksdb.blobdb.blob.file.synced COUNT : 0
rocksdb.blobdb.blob.index.expired.count COUNT : 0
rocksdb.blobdb.blob.index.expired.size COUNT : 0
rocksdb.blobdb.blob.index.evicted.count COUNT : 0
rocksdb.blobdb.blob.index.evicted.size COUNT : 0
rocksdb.blobdb.gc.num.files COUNT : 0
rocksdb.blobdb.gc.num.new.files COUNT : 0
rocksdb.blobdb.gc.failures COUNT : 0
rocksdb.blobdb.gc.num.keys.overwritten COUNT : 0
rocksdb.blobdb.gc.num.keys.expired COUNT : 0
rocksdb.blobdb.gc.num.keys.relocated COUNT : 0
rocksdb.blobdb.gc.bytes.overwritten COUNT : 0
rocksdb.blobdb.gc.bytes.expired COUNT : 0
rocksdb.blobdb.gc.bytes.relocated COUNT : 0
rocksdb.blobdb.fifo.num.files.evicted COUNT : 0
rocksdb.blobdb.fifo.num.keys.evicted COUNT : 0
rocksdb.blobdb.fifo.bytes.evicted COUNT : 0
rocksdb.txn.overhead.mutex.prepare COUNT : 0
rocksdb.txn.overhead.mutex.old.commit.map COUNT : 0
rocksdb.txn.overhead.duplicate.key COUNT : 0
rocksdb.txn.overhead.mutex.snapshot COUNT : 0
rocksdb.number.multiget.keys.found COUNT : 0
rocksdb.num.iterator.created COUNT : 0
rocksdb.num.iterator.deleted COUNT : 0
rocksdb.block.cache.compression.dict.miss COUNT : 0
rocksdb.block.cache.compression.dict.hit COUNT : 0
rocksdb.block.cache.compression.dict.add COUNT : 0
rocksdb.block.cache.compression.dict.bytes.insert COUNT : 0
rocksdb.block.cache.compression.dict.bytes.evict COUNT : 0
rocksdb.db.get.micros P50 : 0.000000 P95 : 0.000000 P99 : 0.000000 P100 : 0.000000 COUNT : 0 SUM : 0
rocksdb.db.write.micros P50 : 0.000000 P95 : 0.000000 P99 : 0.000000 P100 : 0.000000 COUNT : 0 SUM : 0
rocksdb.compaction.times.micros P50 : 0.000000 P95 : 0.000000 P99 : 0.000000 P100 : 0.000000 COUNT : 0 SUM : 0
rocksdb.compaction.times.cpu_micros P50 : 0.000000 P95 : 0.000000 P99 : 0.000000 P100 : 0.000000 COUNT : 0 SUM : 0
rocksdb.subcompaction.setup.times.micros P50 : 0.000000 P95 : 0.000000 P99 : 0.000000 P100 : 0.000000 COUNT : 0 SUM : 0
rocksdb.table.sync.micros P50 : 0.000000 P95 : 0.000000 P99 : 0.000000 P100 : 0.000000 COUNT : 0 SUM : 0
rocksdb.compaction.outfile.sync.micros P50 : 0.000000 P95 : 0.000000 P99 : 0.000000 P100 : 0.000000 COUNT : 0 SUM : 0
rocksdb.wal.file.sync.micros P50 : 0.000000 P95 : 0.000000 P99 : 0.000000 P100 : 0.000000 COUNT : 0 SUM : 0
rocksdb.manifest.file.sync.micros P50 : 6600.000000 P95 : 25113.000000 P99 : 25113.000000 P100 : 25113.000000 COUNT : 2 SUM : 30934
rocksdb.table.open.io.micros P50 : 0.000000 P95 : 0.000000 P99 : 0.000000 P100 : 0.000000 COUNT : 0 SUM : 0
rocksdb.db.multiget.micros P50 : 0.000000 P95 : 0.000000 P99 : 0.000000 P100 : 0.000000 COUNT : 0 SUM : 0
rocksdb.read.block.compaction.micros P50 : 0.000000 P95 : 0.000000 P99 : 0.000000 P100 : 0.000000 COUNT : 0 SUM : 0
rocksdb.read.block.get.micros P50 : 0.000000 P95 : 0.000000 P99 : 0.000000 P100 : 0.000000 COUNT : 0 SUM : 0
rocksdb.write.raw.block.micros P50 : 0.000000 P95 : 0.000000 P99 : 0.000000 P100 : 0.000000 COUNT : 0 SUM : 0
rocksdb.l0.slowdown.count P50 : 0.000000 P95 : 0.000000 P99 : 0.000000 P100 : 0.000000 COUNT : 0 SUM : 0
rocksdb.memtable.compaction.count P50 : 0.000000 P95 : 0.000000 P99 : 0.000000 P100 : 0.000000 COUNT : 0 SUM : 0
rocksdb.num.files.stall.count P50 : 0.000000 P95 : 0.000000 P99 : 0.000000 P100 : 0.000000 COUNT : 0 SUM : 0
rocksdb.hard.rate.limit.delay.count P50 : 0.000000 P95 : 0.000000 P99 : 0.000000 P100 : 0.000000 COUNT : 0 SUM : 0
rocksdb.soft.rate.limit.delay.count P50 : 0.000000 P95 : 0.000000 P99 : 0.000000 P100 : 0.000000 COUNT : 0 SUM : 0
rocksdb.numfiles.in.singlecompaction P50 : 0.000000 P95 : 0.000000 P99 : 0.000000 P100 : 0.000000 COUNT : 0 SUM : 0
rocksdb.db.seek.micros P50 : 0.000000 P95 : 0.000000 P99 : 0.000000 P100 : 0.000000 COUNT : 0 SUM : 0
rocksdb.db.write.stall P50 : 0.000000 P95 : 0.000000 P99 : 0.000000 P100 : 0.000000 COUNT : 0 SUM : 0
rocksdb.sst.read.micros P50 : 0.000000 P95 : 0.000000 P99 : 0.000000 P100 : 0.000000 COUNT : 0 SUM : 0
rocksdb.num.subcompactions.scheduled P50 : 0.000000 P95 : 0.000000 P99 : 0.000000 P100 : 0.000000 COUNT : 0 SUM : 0
rocksdb.bytes.per.read P50 : 0.000000 P95 : 0.000000 P99 : 0.000000 P100 : 0.000000 COUNT : 0 SUM : 0
rocksdb.bytes.per.write P50 : 0.000000 P95 : 0.000000 P99 : 0.000000 P100 : 0.000000 COUNT : 0 SUM : 0
rocksdb.bytes.per.multiget P50 : 0.000000 P95 : 0.000000 P99 : 0.000000 P100 : 0.000000 COUNT : 0 SUM : 0
rocksdb.bytes.compressed P50 : 0.000000 P95 : 0.000000 P99 : 0.000000 P100 : 0.000000 COUNT : 0 SUM : 0
rocksdb.bytes.decompressed P50 : 0.000000 P95 : 0.000000 P99 : 0.000000 P100 : 0.000000 COUNT : 0 SUM : 0
rocksdb.compression.times.nanos P50 : 0.000000 P95 : 0.000000 P99 : 0.000000 P100 : 0.000000 COUNT : 0 SUM : 0
rocksdb.decompression.times.nanos P50 : 0.000000 P95 : 0.000000 P99 : 0.000000 P100 : 0.000000 COUNT : 0 SUM : 0
rocksdb.read.num.merge_operands P50 : 0.000000 P95 : 0.000000 P99 : 0.000000 P100 : 0.000000 COUNT : 0 SUM : 0
rocksdb.blobdb.key.size P50 : 0.000000 P95 : 0.000000 P99 : 0.000000 P100 : 0.000000 COUNT : 0 SUM : 0
rocksdb.blobdb.value.size P50 : 0.000000 P95 : 0.000000 P99 : 0.000000 P100 : 0.000000 COUNT : 0 SUM : 0
rocksdb.blobdb.write.micros P50 : 0.000000 P95 : 0.000000 P99 : 0.000000 P100 : 0.000000 COUNT : 0 SUM : 0
rocksdb.blobdb.get.micros P50 : 0.000000 P95 : 0.000000 P99 : 0.000000 P100 : 0.000000 COUNT : 0 SUM : 0
rocksdb.blobdb.multiget.micros P50 : 0.000000 P95 : 0.000000 P99 : 0.000000 P100 : 0.000000 COUNT : 0 SUM : 0
rocksdb.blobdb.seek.micros P50 : 0.000000 P95 : 0.000000 P99 : 0.000000 P100 : 0.000000 COUNT : 0 SUM : 0
rocksdb.blobdb.next.micros P50 : 0.000000 P95 : 0.000000 P99 : 0.000000 P100 : 0.000000 COUNT : 0 SUM : 0
rocksdb.blobdb.prev.micros P50 : 0.000000 P95 : 0.000000 P99 : 0.000000 P100 : 0.000000 COUNT : 0 SUM : 0
rocksdb.blobdb.blob.file.write.micros P50 : 0.000000 P95 : 0.000000 P99 : 0.000000 P100 : 0.000000 COUNT : 0 SUM : 0
rocksdb.blobdb.blob.file.read.micros P50 : 0.000000 P95 : 0.000000 P99 : 0.000000 P100 : 0.000000 COUNT : 0 SUM : 0
rocksdb.blobdb.blob.file.sync.micros P50 : 0.000000 P95 : 0.000000 P99 : 0.000000 P100 : 0.000000 COUNT : 0 SUM : 0
rocksdb.blobdb.gc.micros P50 : 0.000000 P95 : 0.000000 P99 : 0.000000 P100 : 0.000000 COUNT : 0 SUM : 0
rocksdb.blobdb.compression.micros P50 : 0.000000 P95 : 0.000000 P99 : 0.000000 P100 : 0.000000 COUNT : 0 SUM : 0
rocksdb.blobdb.decompression.micros P50 : 0.000000 P95 : 0.000000 P99 : 0.000000 P100 : 0.000000 COUNT : 0 SUM : 0
rocksdb.db.flush.micros P50 : 0.000000 P95 : 0.000000 P99 : 0.000000 P100 : 0.000000 COUNT : 0 SUM : 0
rocksdb.sst.batch.size P50 : 0.000000 P95 : 0.000000 P99 : 0.000000 P100 : 0.000000 COUNT : 0 SUM : 0
rocksdb.db.write.wal.time P50 : 0.000000 P95 : 0.000000 P99 : 0.000000 P100 : 0.000000 COUNT : 0 SUM : 0
2020/06/30-10:33:21.007955 7febb8ff2700 [db/db_impl/db_impl.cc:703] ------- PERSISTING STATS -------
2020/06/30-10:33:21.007965 7febb8ff2700 [db/db_impl/db_impl.cc:767] [Pre-GC] In-memory stats history size: 48 bytes, slice count: 0
2020/06/30-10:33:21.007967 7febb8ff2700 [db/db_impl/db_impl.cc:776] [Post-GC] In-memory stats history size: 48 bytes, slice count: 0
2020/06/30-10:33:21.014900 7fec1b470700 [db/column_family.cc:481] --------------- Options for column family [col0]:
2020/06/30-10:33:21.014905 7fec1b470700               Options.comparator: leveldb.BytewiseComparator
2020/06/30-10:33:21.014907 7fec1b470700           Options.merge_operator: None
2020/06/30-10:33:21.014908 7fec1b470700        Options.compaction_filter: None
2020/06/30-10:33:21.014910 7fec1b470700        Options.compaction_filter_factory: None
2020/06/30-10:33:21.014911 7fec1b470700         Options.memtable_factory: SkipListFactory
2020/06/30-10:33:21.014913 7fec1b470700            Options.table_factory: BlockBasedTable
2020/06/30-10:33:21.014937 7fec1b470700            table_factory options:   flush_block_policy_factory: FlushBlockBySizePolicyFactory (0x7febf423ffc0)
  cache_index_and_filter_blocks: 0
  cache_index_and_filter_blocks_with_high_priority: 1
  pin_l0_filter_and_index_blocks_in_cache: 0
  pin_top_level_index_and_filter: 1
  index_type: 0
  data_block_index_type: 1
  index_shortening: 1
  data_block_hash_table_util_ratio: 0.750000
  hash_index_allow_collision: 1
  checksum: 1
  no_block_cache: 0
  block_cache: 0x7febf43435a0
  block_cache_name: LRUCache
  block_cache_options:
    capacity : 44040192
    num_shard_bits : 6
    strict_capacity_limit : 0
    memory_allocator : None
    high_pri_pool_ratio: 0.500
  block_cache_compressed: (nil)
  persistent_cache: (nil)
  block_size: 4096
  block_size_deviation: 10
  block_restart_interval: 16
  index_block_restart_interval: 1
  metadata_block_size: 4096
  partition_filters: 0
  use_delta_encoding: 1
  filter_policy: rocksdb.BuiltinBloomFilter
  whole_key_filtering: 1
  verify_compression: 0
  read_amp_bytes_per_bit: 0
  format_version: 2
  enable_index_compression: 1
  block_align: 0
2020/06/30-10:33:21.014939 7fec1b470700        Options.write_buffer_size: 67108864
2020/06/30-10:33:21.014940 7fec1b470700  Options.max_write_buffer_number: 6
2020/06/30-10:33:21.014943 7fec1b470700        Options.compression[0]: NoCompression
2020/06/30-10:33:21.014944 7fec1b470700        Options.compression[1]: NoCompression
2020/06/30-10:33:21.014946 7fec1b470700        Options.compression[2]: LZ4
2020/06/30-10:33:21.014948 7fec1b470700        Options.compression[3]: LZ4
2020/06/30-10:33:21.014949 7fec1b470700        Options.compression[4]: LZ4
2020/06/30-10:33:21.014951 7fec1b470700        Options.compression[5]: LZ4
2020/06/30-10:33:21.014952 7fec1b470700        Options.compression[6]: LZ4
2020/06/30-10:33:21.014954 7fec1b470700                  Options.bottommost_compression: Disabled
2020/06/30-10:33:21.014955 7fec1b470700       Options.prefix_extractor: nullptr
2020/06/30-10:33:21.014957 7fec1b470700   Options.memtable_insert_with_hint_prefix_extractor: nullptr
2020/06/30-10:33:21.014958 7fec1b470700             Options.num_levels: 7
2020/06/30-10:33:21.014960 7fec1b470700        Options.min_write_buffer_number_to_merge: 2
2020/06/30-10:33:21.014961 7fec1b470700     Options.max_write_buffer_number_to_maintain: 0
2020/06/30-10:33:21.014963 7fec1b470700            Options.bottommost_compression_opts.window_bits: -14
2020/06/30-10:33:21.014964 7fec1b470700                  Options.bottommost_compression_opts.level: 32767
2020/06/30-10:33:21.014966 7fec1b470700               Options.bottommost_compression_opts.strategy: 0
2020/06/30-10:33:21.014968 7fec1b470700         Options.bottommost_compression_opts.max_dict_bytes: 0
2020/06/30-10:33:21.014969 7fec1b470700         Options.bottommost_compression_opts.zstd_max_train_bytes: 0
2020/06/30-10:33:21.014970 7fec1b470700                  Options.bottommost_compression_opts.enabled: false
2020/06/30-10:33:21.014972 7fec1b470700            Options.compression_opts.window_bits: -14
2020/06/30-10:33:21.014973 7fec1b470700                  Options.compression_opts.level: 32767
2020/06/30-10:33:21.014975 7fec1b470700               Options.compression_opts.strategy: 0
2020/06/30-10:33:21.014976 7fec1b470700         Options.compression_opts.max_dict_bytes: 0
2020/06/30-10:33:21.014977 7fec1b470700         Options.compression_opts.zstd_max_train_bytes: 0
2020/06/30-10:33:21.014988 7fec1b470700                  Options.compression_opts.enabled: false
2020/06/30-10:33:21.014990 7fec1b470700      Options.level0_file_num_compaction_trigger: 2
2020/06/30-10:33:21.014991 7fec1b470700          Options.level0_slowdown_writes_trigger: 20
2020/06/30-10:33:21.014993 7fec1b470700              Options.level0_stop_writes_trigger: 36
2020/06/30-10:33:21.014994 7fec1b470700                   Options.target_file_size_base: 536870912
2020/06/30-10:33:21.014996 7fec1b470700             Options.target_file_size_multiplier: 1
2020/06/30-10:33:21.014997 7fec1b470700                Options.max_bytes_for_level_base: 134217728
2020/06/30-10:33:21.014998 7fec1b470700                      Options.snap_refresh_nanos: 0
2020/06/30-10:33:21.015000 7fec1b470700 Options.level_compaction_dynamic_level_bytes: 1
2020/06/30-10:33:21.015001 7fec1b470700          Options.max_bytes_for_level_multiplier: 10.000000
2020/06/30-10:33:21.015004 7fec1b470700 Options.max_bytes_for_level_multiplier_addtl[0]: 1
